#include <iostream>
#include <windows.h>
#define clear system("cls")
using namespace std;

int main() {
	setlocale(0, "");
	int select;
	cout << "\tÄîáðî ïîæàëîâàòü â ëàáèðèíò.\n\n";
	cout << "[+]Âûáåðèòå ðàçìåð ëàáèðèíòà: \n";
	cout << "[1] 15õ15\n";
	cout << "[1] 20õ20\n";
	cout << "[3] 30õ30\n\n";
	cout << "[+]Ââåäèòå ðàçìåð ëàáèðèíòà: ";

	cin >> select;


	if (select == 1) {
		clear;
		int const size1 = 15;
		int const size2 = 15;
		int type[size1][size2] = {
		 {1,0,1,1,1,1,1,1,1,1,1,1,1,1},
		 {1,0,0,0,0,1,1,1,1,1,1,1,1,1},
		 {1,1,1,1,0,1,1,1,1,1,1,1,1,1},
		 {1,1,1,0,0,1,1,0,0,0,1,1,1,1},
		 {1,1,0,0,1,1,1,0,1,0,1,1,1,1},
		 {1,1,0,1,1,1,1,0,1,0,1,1,1,1},
		 {1,1,0,0,0,0,0,0,1,0,1,1,1,1},
		 {1,1,1,1,1,1,1,1,1,0,1,1,1,1},
		 {1,1,1,1,1,1,1,1,1,0,1,1,1,1},
		 {1,1,1,1,1,1,1,1,1,0,1,1,1,1},
		 {1,1,1,1,1,1,0,0,0,0,1,1,1,1},
		 {1,1,1,0,0,0,0,1,1,1,1,1,1,1},
		 {1,1,1,0,1,1,1,1,1,1,1,1,1,1},
		 {1,1,1,0,1,1,1,1,1,1,1,1,1,1},
		 {1,1,1,0,1,1,1,1,1,1,1,1,1,1}
		};
		for (int i = 0; i < size1; i++) {
			for (int j = 0; j < size2; j++) {
				if (type[i][j] == 1) {
					cout << "# ";
				}
				else if (type[i][j] == 0) {
					cout << "  ";
				}
			}
			cout << "\n";
		}
	}
	else if (select == 2) {
		clear;
		int const size1 = 20;
		int const size2 = 20;
		int type[size1][size2] = {
		 {1,0,1,0,1,0,1,0,1,0,1,0,1,0,1,0,1,0,1},
		 {1,0,1,0,1,0,1,0,1,0,1,0,1,0,1,0,1,0,1},
		 {1,0,0,0,0,0,0,0,0,0,0,0,0,0,0,0,0,0,1},
		 {1,1,0,1,0,1,0,1,0,1,0,1,0,1,0,1,0,1,1},
		 {1,1,0,0,0,0,0,0,0,0,0,0,0,0,0,0,0,1,1},
		 {1,1,1,0,1,0,1,0,1,0,1,0,1,0,1,0,1,1,1},
		 {1,1,1,0,0,0,0,0,0,0,0,0,0,0,0,0,1,1,1},
		 {1,1,1,1,0,1,0,1,0,1,0,1,0,1,0,1,1,1,1},
		 {1,1,1,1,0,0,0,0,0,0,0,0,0,0,0,1,1,1,1},
		 {1,1,1,1,1,0,1,0,1,0,1,0,1,0,1,1,1,1,1},
		 {1,1,1,1,1,0,0,0,0,0,0,0,0,0,1,1,1,1,1},
		 {1,1,1,1,1,1,0,1,0,1,0,1,0,1,1,1,1,1,1},
		 {1,1,1,1,1,1,0,0,0,0,0,0,0,1,1,1,1,1,1},
		 {1,1,1,1,1,1,1,0,1,0,1,0,1,1,1,1,1,1,1},
		 {1,1,1,1,1,1,1,0,0,0,0,0,1,1,1,1,1,1,1},
		 {1,1,1,1,1,1,1,1,0,1,0,1,1,1,1,1,1,1,1},
		 {1,1,1,1,1,1,1,1,0,0,0,1,1,1,1,1,1,1,1},
		 {1,1,1,1,1,1,1,1,1,0,1,1,1,1,1,1,1,1,1},
		 {1,1,1,1,1,1,1,1,1,0,1,1,1,1,1,1,1,1,1},
		 {1,1,1,1,1,1,1,1,1,0,1,1,1,1,1,1,1,1,1}
		};
		for (int i = 0; i < size1; i++) {
			for (int j = 0; j < size2; j++) {
				if (type[i][j] == 1) {
					cout << "# ";
				}
				else if (type[i][j] == 0) {
					cout << "  ";
				}
			}
			cout << "\n";
		}
	}
	else if (select == 3) {
		clear;
		int const size1 = 30;
		int const size2 = 30;
		int type[size1][size2] = {
		 {1,0,1,1,1,1,1,1,1,1,1,1,1,1,1,1,1,1,1,1,1,1,1,1,1,1,1,1,1,1,},
		 {1,0,1,1,1,1,1,1,1,1,1,1,1,1,1,1,1,1,1,1,1,1,1,1,1,1,1,1,1,1,},
		 {1,0,1,1,1,1,1,1,1,1,1,1,1,1,1,1,1,1,1,1,1,1,1,1,1,1,1,1,1,1,},
		 {1,0,1,1,1,1,1,1,1,1,1,1,1,1,1,1,1,1,1,1,1,1,1,1,1,1,1,1,1,1,},
		 {1,0,1,1,1,1,1,1,1,1,1,1,1,1,1,1,1,1,1,1,1,1,1,1,1,1,1,1,1,1,},
		 {1,0,0,0,0,0,0,0,0,0,0,0,1,1,1,1,1,1,1,1,1,1,1,1,1,1,1,1,1,1,},
		 {1,1,1,1,1,1,1,1,1,1,1,0,1,1,1,1,1,1,1,1,1,1,1,1,1,1,1,1,1,1,},
		 {1,1,1,1,1,1,1,1,1,1,1,0,1,1,1,1,1,1,1,1,1,1,1,1,1,1,1,1,1,1,},
		 {1,1,1,1,1,1,1,1,1,1,1,0,1,1,1,1,1,1,1,1,1,1,1,1,1,1,1,1,1,1,},
		 {1,1,1,1,1,1,1,1,1,1,1,0,1,1,1,0,0,0,0,0,0,0,0,0,1,1,1,1,1,1,},
		 {1,1,1,1,1,1,1,1,1,1,1,0,1,1,1,0,1,1,1,1,1,1,1,0,1,1,1,1,1,1,},
		 {1,1,1,1,1,1,1,1,1,1,1,0,1,1,1,0,1,1,1,1,1,1,1,0,1,1,1,1,1,1,},
		 {1,1,1,1,1,1,1,1,1,1,1,0,1,1,1,0,1,1,1,1,1,1,1,0,1,1,1,1,1,1,},
		 {1,1,1,1,0,0,0,0,0,0,0,0,1,1,1,0,1,1,1,1,1,1,1,0,1,1,1,1,1,1,},
		 {1,1,1,1,0,1,1,1,1,1,1,1,1,1,1,0,1,1,1,1,1,1,1,0,1,1,1,1,1,1,},
		 {1,1,1,1,0,1,1,1,1,1,1,1,1,1,1,0,1,1,1,1,1,1,1,0,1,1,1,1,1,1,},
		 {1,1,1,1,0,1,1,1,1,1,1,1,1,1,1,0,1,1,1,1,1,1,1,0,1,1,1,1,1,1,},
		 {1,1,1,1,0,1,1,1,1,1,1,1,1,1,1,0,1,1,1,1,1,1,1,0,1,1,1,1,1,1,},
		 {1,1,1,1,0,1,1,1,1,1,1,1,1,1,1,0,1,1,1,1,1,1,1,0,1,1,1,1,1,1,},
		 {1,1,1,1,0,0,0,0,0,0,0,0,0,0,0,0,1,1,1,1,1,1,1,0,1,1,1,1,1,1,},
		 {1,1,1,1,1,1,1,1,1,1,1,1,1,1,1,1,1,1,1,1,1,1,1,0,1,1,1,1,1,1,},
		 {1,1,1,1,1,1,1,1,1,1,1,1,1,1,1,1,1,1,1,1,1,1,1,0,1,1,1,1,1,1,},
		 {1,1,1,1,1,1,1,1,1,1,1,1,1,1,1,1,1,1,1,1,1,1,1,0,1,1,1,1,1,1,},
		 {1,1,1,1,1,1,1,1,1,1,1,1,1,1,1,1,1,1,1,1,1,1,1,0,0,0,0,0,1,1,},
		 {1,1,1,1,1,1,1,1,1,1,1,1,1,1,1,1,1,1,1,1,1,1,1,1,1,1,1,0,1,1,},
		 {1,1,1,1,1,1,1,1,1,1,1,1,1,1,1,1,1,1,1,1,1,1,1,1,1,1,1,0,1,1,},
		 {1,1,1,1,1,1,1,1,1,1,1,1,1,1,1,1,1,1,1,1,1,1,1,1,1,1,1,0,1,1,},
		 {1,1,0,0,0,0,0,0,0,0,0,0,0,0,0,0,0,0,0,0,0,0,0,0,0,0,0,0,1,1,},
		 {1,1,0,1,1,1,1,1,1,1,1,1,1,1,1,1,1,1,1,1,1,1,1,1,1,1,1,1,1,1,},
		 {1,1,0,1,1,1,1,1,1,1,1,1,1,1,1,1,1,1,1,1,1,1,1,1,1,1,1,1,1,1,},
		};
		for (int i = 0; i < size1; i++) {
			for (int j = 0; j < size2; j++) {
				if (type[i][j] == 1) {
					cout << "# ";
				}
				else if (type[i][j] == 0) {
					cout << "  ";
				}
			}
			cout << "\n";
		}
	}
	else {
		clear;
		return 0;
	}
}
